Test 1 ADDI_BNE:

13 03 f0 0f 13 05 00 00 93 05 00 00 13 85 05 00
93 85 15 00 e3 9c 65 fe 63 12 05 00 63 10 05 00


Test 2 LI

37 e3 ff ff 13 03 83 cd b7 23 00 00 93 83 03 71
33 05 73 00 63 12 05 00 63 10 05 00



Test 3 LBU:

37 04 01 00 13 03 40 06 23 00 64 00 93 03 80 0c
a3 00 74 00 03 4e 04 00 83 4e 14 00 33 05 de 01
63 12 05 00 63 10 05 00


Test 4 JALR:

13 03 20 03 ef 00 00 01 ef 00 c0 00 ef 00 80 00
6f 00 c0 00 13 03 13 00 67 80 00 00 13 05 03 00
63 10 05 00


Test 5 PDF:

ef 00 00 01 ef 00 00 02 ef 00 00 05 6f 00 c0 06
93 05 00 10 93 85 f5 ff 23 80 05 10 e3 9c 05 fe
67 80 00 00 b7 05 01 00 13 06 00 00 93 06 00 10
13 07 80 0c b3 87 c5 00 83 c2 07 00 33 88 d2 00
03 43 08 00 13 03 13 00 23 00 68 00 13 06 16 00
e3 12 e3 fe 67 80 00 00 93 04 00 00 93 05 00 00
13 06 f0 0f 03 c5 05 10 b3 84 a4 00 93 85 15 00
e3 9a c5 fe 67 80 00 00 13 85 04 00 63 10 05 00




